xyz:
array([[ 6.02760088e-322,  7.60861095e-322,  6.52166653e-322],
       [-4.28239250e+001,  2.14820309e+001,  1.67304885e+000],
       [-4.03590622e+001,  2.15318737e+001,  1.59739423e+000],
       ...,
       [-4.74070311e+000, -3.58125001e-001, -2.40150237e+000],
       [-4.75078106e+000, -1.79218739e-001, -2.40150237e+000],
       [-4.75269508e+000, -1.19531244e-001, -2.40150237e+000]])

rgb:
array([[4.10e-322, 4.15e-322, 5.93e-322],
       [8.30e+001, 8.40e+001, 1.20e+002],
       [8.50e+001, 4.30e+001, 1.55e+002],
       ...,
       [1.22e+002, 1.54e+002, 1.29e+002],
       [1.22e+002, 1.54e+002, 1.32e+002],
       [1.22e+002, 1.54e+002, 1.30e+002]])