xyz:
array([[ 1.72048085e-03,  6.34116399e-03,  6.34116399e-03],
       [-3.45745125e+01,  1.73438034e+01,  1.35075986e+00],
       [-3.34388466e+01,  1.73034306e+01,  1.31481874e+00],
       ...,
       [-5.23177719e+00, -2.63193190e-01, -2.64610004e+00],
       [-5.23466778e+00, -1.97431788e-01, -2.64610004e+00],
       [-5.23673820e+00, -1.31637573e-01, -2.64610004e+00]])

rgb:
array([[1.72048085e-03, 6.34116399e-03, 6.34116399e-03],
       [9.10000000e+01, 7.20000000e+01, 6.90000000e+01],
       [9.20000000e+01, 4.80000000e+01, 5.60000000e+01],
       ...,
       [1.22000000e+02, 1.50000000e+01, 1.16000000e+02],
       [1.22000000e+02, 1.50000000e+01, 1.16000000e+02],
       [1.22000000e+02, 1.50000000e+01, 1.16000000e+02]])

xyzi:
array([[ 6.94044853e-310,  6.94044853e-310,  0.00000000e+000,
         0.00000000e+000],
       [-3.45745125e+001,  1.73438034e+001,  1.35075986e+000,
         8.56571496e-001],
       [-3.34388466e+001,  1.73034306e+001,  1.31481874e+000,
         8.60110760e-001],
       ...,
       [-5.23177719e+000, -2.63193190e-001, -2.64610004e+000,
         9.76798296e-001],
       [-5.23466778e+000, -1.97431788e-001, -2.64610004e+000,
         9.76798296e-001],
       [-5.23673820e+000, -1.31637573e-001, -2.64610004e+000,
         9.76798296e-001]])

points:
array([(-34.574512, 17.343803  ,  1.3507599, 0.8565715 ),
       (-33.438847, 17.30343   ,  1.3148187, 0.86011076),
       (-31.92418 , 17.03161   ,  1.2635449, 0.86517686), ...,
       ( -5.231777, -0.2631932 , -2.6461   , 0.9767983 ),
       ( -5.234668, -0.19743179, -2.6461   , 0.9767983 ),
       ( -5.236738, -0.13163757, -2.6461   , 0.9767983 )],
      dtype=[('x', '<f4'), ('y', '<f4'), ('z', '<f4'), ('intensity', '<f4')])