xyz:
array([[ 7.74860416e-304,  7.74860419e-304,  7.74860419e-304],
       [-4.77993164e+001,  1.35619087e+001,  1.73507059e+000],
       [-3.89490242e+001,  1.37466698e+001,  1.44235420e+000],
       ...,
       [-4.74066401e+000, -3.58115226e-001, -2.40150237e+000],
       [-4.75267553e+000, -1.19472653e-001, -2.40150237e+000],
       [-4.75378895e+000, -5.97412102e-002, -2.40150237e+000]])

rgb:
array([[4.348e-322, 1.255e-321, 3.458e-323],
       [8.100e+001, 2.130e+002, 6.700e+001],
       [8.800e+001, 2.540e+002, 7.000e+000],
       ...,
       [1.220e+002, 1.540e+002, 1.320e+002],
       [1.220e+002, 1.540e+002, 1.310e+002],
       [1.220e+002, 1.540e+002, 1.320e+002]])

xyzi:
array([[ 6.92134363e-310,  6.92134363e-310,  0.00000000e+000,
         0.00000000e+000],
       [-4.77993164e+001,  1.35619087e+001,  1.73507059e+000,
         8.19660366e-001],
       [-3.89490242e+001,  1.37466698e+001,  1.44235420e+000,
         8.47626150e-001],
       ...,
       [-4.74066401e+000, -3.58115226e-001, -2.40150237e+000,
         9.78920221e-001],
       [-4.75267553e+000, -1.19472653e-001, -2.40150237e+000,
         9.78920162e-001],
       [-4.75378895e+000, -5.97412102e-002, -2.40150237e+000,
         9.78920221e-001]])